17.5 1.5
9.5 4.5
14.5 4.5
33.5 4.5
23.5 5.5
40.5 5.5
6.5 6.5
39.5 6.5
17.5 7.5
18.5 7.5
44.5 7.5
33.5 8.5
50.5 8.5
53.5 8.5
30.5 10.5
38.5 10.5
46.5 11.5
52.5 11.5
7.5 13.5
13.5 14.5
32.5 14.5
41.5 14.5
57.5 15.5
59.5 15.5
0.5 16.5
7.5 16.5
14.5 16.5
15.5 16.5
23.5 16.5
28.5 16.5
33.5 16.5
55.5 16.5
62.5 16.5
9.5 17.5
15.5 17.5
19.5 17.5
25.5 17.5
45.5 17.5
50.5 17.5
16.5 18.5
24.5 18.5
42.5 18.5
46.5 18.5
43.5 19.5
45.5 19.5
57.5 19.5
7.5 20.5
24.5 20.5
25.5 20.5
29.5 20.5
1.5 21.5
6.5 21.5
16.5 21.5
0.5 22.5
5.5 22.5
51.5 23.5
53.5 23.5
4.5 24.5
11.5 25.5
24.5 25.5
62.5 25.5
8.5 26.5
11.5 26.5
40.5 26.5
44.5 26.5
27.5 27.5
62.5 27.5
15.5 28.5
27.5 28.5
17.5 29.5
46.5 29.5
51.5 30.5
61.5 30.5
4.5 32.5
5.5 34.5
51.5 34.5
2.5 35.5
1.5 36.5
20.5 36.5
27.5 36.5
50.5 37.5
2.5 38.5
8.5 38.5
12.5 38.5
23.5 38.5
46.5 38.5
9.5 39.5
39.5 39.5
17.5 40.5
5.5 41.5
18.5 41.5
26.5 41.5
28.5 41.5
37.5 41.5
39.5 41.5
63.5 41.5
11.5 42.5
16.5 42.5
26.5 42.5
50.5 43.5
4.5 44.5
5.5 44.5
40.5 44.5
56.5 44.5
1.5 45.5
6.5 45.5
8.5 45.5
36.5 45.5
57.5 45.5
13.5 46.5
39.5 46.5
44.5 46.5
1.5 48.5
8.5 49.5
28.5 49.5
43.5 49.5
57.5 49.5
7.5 51.5
11.5 51.5
23.5 51.5
52.5 51.5
7.5 52.5
17.5 52.5
19.5 52.5
23.5 52.5
26.5 53.5
60.5 54.5
24.5 55.5
36.5 55.5
9.5 56.5
18.5 56.5
21.5 56.5
6.5 57.5
15.5 57.5
59.5 57.5
29.5 58.5
32.5 58.5
36.5 58.5
39.5 58.5
57.5 58.5
10.5 59.5
23.5 59.5
39.5 59.5
56.5 59.5
1.5 60.5
17.5 60.5
18.5 60.5
31.5 61.5
32.5 61.5
45.5 61.5
59.5 61.5
57.5 62.5
58.5 62.5
53.5 63.5
